MiddlegamePSQT: 
// King
{
-54, 19, 16, -25, -50, -30, 9, 6, 
-1, -8, -35, 2, -5, -2, -18, -20, 
-45, 15, -28, -28, -10, 29, 13, -25, 
-41, -50, -58, -83, -76, -62, -56, -85, 
-62, -41, -75, -101, -104, -68, -79, -112, 
-19, 8, -45, -59, -48, -51, -13, -46, 
52, 8, 0, -29, -34, -15, 19, 30, 
43, 55, 35, -40, 14, -23, 38, 50, 
},
// Queen
{
-23, -23, -2, 10, 26, 35, 53, 10, 
4, -23, -21, -31, -38, 10, 2, 60, 
2, -5, -8, -8, -3, 45, 46, 46, 
-11, -5, -9, -9, -15, -6, 0, 1, 
0, -10, -8, -5, -6, -13, 1, 5, 
-2, 2, -5, -8, -2, -1, 14, 12, 
8, 4, 8, 11, 9, 19, 29, 40, 
-1, 2, 5, 6, 9, -1, 8, 7, 
},
// Rook
{
1, -2, -3, -4, 13, 25, 32, 42, 
-7, -10, 5, 21, 6, 31, 24, 50, 
-23, 2, -3, -6, 19, 28, 67, 31, 
-24, -11, -11, -4, -3, 1, 10, -2, 
-33, -35, -25, -16, -15, -29, -6, -21, 
-35, -30, -27, -23, -11, -12, 15, -5, 
-31, -28, -15, -13, -7, 0, 14, -18, 
-16, -13, -11, -5, 3, -2, 2, -10, 
},
// Bishop
{
-25, -40, -57, -84, -67, -79, -23, -48, 
-10, 9, -4, -16, 3, -11, -22, -37, 
-1, 0, 5, 9, -2, 30, 9, 7, 
-14, 3, 3, 18, 11, 7, 0, -16, 
0, -12, -4, 15, 13, -6, -4, 16, 
3, 13, 4, 4, 7, 8, 12, 25, 
25, 6, 18, -3, 5, 19, 30, 26, 
12, 23, 1, -4, 4, -1, 17, 39, 
},
// Knight
{
-124, -93, -51, -30, 25, -72, -30, -76, 
-6, 16, 41, 50, 20, 76, 5, 24, 
4, 21, 32, 31, 65, 69, 34, 16, 
7, 7, 20, 41, 19, 43, 13, 38, 
0, 2, 6, 16, 18, 18, 18, 9, 
-17, -5, -8, -1, 16, -4, 16, 0, 
-18, -13, -7, 7, 4, 9, 10, 6, 
-54, -12, -25, -12, -5, 0, -10, -10, 
},
// Pawn
{
0, 0, 0, 0, 0, 0, 0, 0, 
77, 89, 60, 85, 50, 62, -28, -53, 
18, 10, 44, 48, 57, 93, 52, 24, 
-7, -5, 3, 7, 28, 28, 11, 8, 
-11, -13, 0, 14, 16, 16, 2, -2, 
-15, -8, -5, 2, 16, 4, 19, 0, 
-14, -10, -6, -7, 2, 18, 22, -11, 
0, 0, 0, 0, 0, 0, 0, 0, 
},
EndgamePSQT: 
// King
{
-79, -51, -35, -6, -7, 0, -4, -68, 
-24, 15, 20, 17, 31, 43, 43, 9, 
0, 25, 40, 47, 54, 53, 50, 19, 
-3, 32, 50, 60, 61, 60, 48, 21, 
-7, 20, 47, 62, 62, 48, 36, 17, 
-18, 4, 28, 41, 39, 30, 8, -1, 
-38, -10, 3, 15, 18, 6, -15, -32, 
-77, -57, -34, -14, -34, -19, -49, -83, 
},
// Queen
{
23, 32, 46, 47, 38, 38, 4, 26, 
16, 43, 69, 86, 107, 64, 58, 47, 
23, 30, 59, 69, 82, 60, 30, 30, 
31, 36, 48, 64, 80, 68, 64, 53, 
13, 35, 35, 53, 53, 50, 39, 35, 
0, 10, 26, 26, 29, 28, 7, 3, 
-7, -13, -11, -7, 0, -23, -49, -57, 
-9, -9, -12, 0, -12, -16, -20, -15, 
},
// Rook
{
45, 49, 56, 49, 41, 43, 41, 36, 
47, 58, 60, 48, 49, 43, 41, 31, 
49, 47, 48, 46, 35, 30, 24, 24, 
51, 46, 51, 45, 34, 31, 33, 32, 
41, 43, 40, 36, 34, 36, 28, 28, 
30, 28, 26, 26, 19, 15, 0, 3, 
20, 24, 22, 20, 12, 7, -1, 7, 
19, 19, 27, 21, 13, 15, 10, 4, 
},
// Bishop
{
4, 5, 6, 10, 7, 1, -1, -8, 
-8, -8, -3, -1, -12, -5, 0, 0, 
7, -2, 0, -9, -3, 2, -1, 8, 
3, 2, 0, 14, 6, 4, 0, 8, 
-5, 3, 11, 7, 7, 3, 1, -17, 
-2, 2, 5, 8, 10, 4, -7, -7, 
6, -12, -13, -3, -1, -10, -7, -11, 
-7, 5, -10, -5, -9, 2, -13, -22, 
},
// Knight
{
-34, -16, -5, -12, -20, -25, -31, -61, 
-1, -4, -13, -15, -19, -31, -6, -23, 
-7, -11, 0, 3, -12, -23, -20, -18, 
1, 0, 7, 10, 13, 6, 5, -7, 
-1, -5, 11, 8, 16, 3, -3, -1, 
-11, -9, -4, 11, 8, -8, -12, -7, 
-6, -4, -10, -11, -12, -14, -13, 6, 
9, -20, -11, -10, -7, -17, -8, -6, 
},
// Pawn
{
0, 0, 0, 0, 0, 0, 0, 0, 
149, 133, 139, 81, 84, 92, 137, 162, 
79, 82, 37, 0, -6, 14, 59, 62, 
59, 46, 31, 10, 9, 17, 34, 34, 
40, 36, 24, 16, 14, 19, 25, 23, 
34, 30, 26, 25, 25, 27, 20, 20, 
36, 33, 30, 28, 37, 28, 20, 19, 
0, 0, 0, 0, 0, 0, 0, 0, 
},
MiddlegamePieceValue:  []int{10000, 1057, 440, 348, 314, 74}
EndgamePieceValue:  []int{10000, 1025, 576, 348, 337, 81}
QueenMobilityMg: []int{-21, -18, -26, -57, -35, -12, -7, -4, 0, 1, 6, 10, 14, 19, 20, 21, 21, 20, 19, 19, 25, 36, 54, 72, 69, 87, 46, 32}
QueenMobilityEg: []int{-77, -66, -56, -72, -31, 15, 52, 79, 105, 131, 140, 148, 157, 158, 164, 173, 178, 187, 195, 198, 202, 192, 189, 177, 186, 186, 182, 175}
RookMobilityMg: []int{-43, -31, -4, 1, 6, 8, 10, 11, 13, 17, 20, 20, 25, 30, 27}
RookMobilityEg: []int{-16, -9, 23, 44, 57, 67, 75, 82, 84, 88, 92, 97, 99, 97, 97}
BishopMobilityMg: []int{-61, -64, -27, -16, -3, 5, 12, 18, 20, 24, 28, 44, 54, 57}
BishopMobilityEg: []int{-94, -57, -8, 17, 28, 35, 46, 50, 57, 57, 58, 50, 50, 39}
KnightMobilityMg: []int{-114, -32, -7, 3, 15, 18, 30, 41, 54}
KnightMobilityEg: []int{-58, -22, 7, 30, 41, 54, 56, 59, 53}
DoubledPawnPenaltyMg: -4
DoubledPawnPenaltyEg: -15
IsolatedPawnPenaltyMg: -12
IsolatedPawnPenaltyEg: -11
BackwardPawnPenaltyMg: -8
BackwardPawnPenaltyEg: -8
PassedPawnsPenaltyMg: []int{0, -5, -11, -11, 13, 0, 3, 0}
PassedPawnsPenaltyEg: []int{0, 9, 13, 38, 64, 129, 108, 0}
BishopPairBonusMg: 22
BishopPairBonusEg: 74
RookOnOpenFileMg: 39
RookOnSemiOpenFileMg: 20
KnightOutpostBonusMg: 36
KnightOutpostBonusEg: 19
BishopOutpostBonusMg: 41
BishopOutpostBonusEg: -5
QueenAttackWeight: 19
RookAttackWeight: 23
BishopAttackWeight: 19
KnightAttackWeight: 22
KingZoneDefenseBonus: 19
PawnShieldFrontBonus: []int{-9, 30, 28, 11}
PawnShieldSideBonus: []int{28, 23, 14, 7}
PawnStormFrontPenalty: []int{-11, -23, -5, 1}
PawnStormSidePenalty: []int{-4, -4, -16, -3}
TempoBonus: 22
