MiddlegamePSQT: 
// King
{
-35, 36, 40, -21, -34, -27, 9, 13, 
-30, 5, -18, 41, 14, 8, -3, -27, 
-78, 32, -8, -15, 10, 58, 0, -37, 
-59, -40, -54, -79, -79, -70, -83, -137, 
-68, -32, -52, -78, -80, -54, -79, -148, 
-32, 10, -30, -38, -28, -35, -4, -54, 
41, 10, 5, -19, -27, -3, 18, 28, 
36, 55, 36, -30, 17, -18, 37, 39, 
},
// Queen
{
-44, -47, -34, -12, -15, 2, 33, -19, 
5, -19, -27, -53, -70, -25, -13, 44, 
6, -2, -6, -13, -26, 13, 14, 16, 
-5, -3, -9, -11, -14, -8, 0, 0, 
1, -7, -7, -1, -1, -7, 8, 9, 
1, 5, 0, -4, 2, 5, 20, 15, 
11, 11, 13, 15, 13, 23, 35, 48, 
1, 6, 11, 11, 15, 1, 16, 23, 
},
// Rook
{
-8, -9, -13, -19, -1, 28, 33, 34, 
1, -2, 14, 33, 9, 38, 24, 45, 
-11, 12, 7, 6, 31, 39, 58, 26, 
-17, -3, -3, 7, 4, 14, 12, 0, 
-27, -27, -17, -8, -7, -23, -2, -17, 
-30, -25, -22, -17, -9, -6, 17, -1, 
-27, -23, -12, -10, -5, 0, 14, -15, 
-14, -10, -9, -2, 4, 0, 2, -10, 
},
// Bishop
{
-29, -59, -55, -97, -84, -83, -44, -57, 
-9, 0, -2, -18, 3, -12, -21, -34, 
0, 3, 3, 14, 1, 46, 11, 22, 
-13, 0, 8, 12, 17, 5, 4, -19, 
-1, -8, -8, 18, 10, -3, -6, 19, 
4, 9, 6, 2, 6, 7, 12, 21, 
19, 7, 16, -3, 4, 15, 28, 26, 
12, 20, 0, -5, 4, -3, 18, 40, 
},
// Knight
{
-108, -97, -62, -28, 5, -61, -56, -72, 
1, 13, 38, 41, 24, 73, 12, 22, 
7, 23, 19, 34, 65, 69, 32, 18, 
11, 9, 23, 31, 23, 36, 20, 42, 
3, 8, 10, 19, 19, 22, 14, 14, 
-13, -2, -6, 2, 15, -3, 16, 3, 
-14, -10, -5, 7, 5, 8, 13, 10, 
-44, -10, -22, -10, -3, 1, -8, -4, 
},
// Pawn
{
0, 0, 0, 0, 0, 0, 0, 0, 
73, 75, 50, 96, 70, 56, -21, -25, 
22, 11, 44, 50, 62, 95, 63, 27, 
-5, -4, 5, 8, 26, 26, 6, 4, 
-7, -10, 2, 14, 17, 14, -1, -3, 
-13, -6, -5, 3, 11, 1, 13, -2, 
-11, -7, -5, -8, 1, 16, 19, -10, 
0, 0, 0, 0, 0, 0, 0, 0, 
},
EndgamePSQT: 
// King
{
-82, -42, -26, 7, 0, 0, -10, -99, 
-12, 29, 36, 31, 44, 56, 50, 10, 
8, 32, 52, 61, 66, 58, 59, 21, 
-1, 35, 57, 70, 70, 65, 52, 25, 
-11, 18, 45, 62, 60, 43, 30, 13, 
-24, 0, 26, 39, 37, 24, 0, -14, 
-48, -12, 4, 17, 19, 3, -21, -49, 
-87, -63, -35, -8, -31, -20, -57, -96, 
},
// Queen
{
20, 24, 39, 32, 30, 26, -12, 23, 
14, 33, 62, 82, 100, 61, 46, 37, 
29, 38, 62, 63, 77, 50, 24, 29, 
39, 52, 60, 69, 70, 56, 60, 43, 
29, 53, 58, 70, 67, 58, 40, 36, 
15, 31, 53, 56, 59, 47, 22, 13, 
7, 9, 16, 27, 31, 3, -27, -49, 
14, 13, 15, 28, 6, 0, -12, -19, 
},
// Rook
{
44, 47, 53, 48, 40, 37, 37, 35, 
42, 53, 53, 39, 43, 36, 38, 29, 
46, 44, 44, 40, 30, 23, 24, 24, 
51, 46, 50, 41, 31, 24, 30, 30, 
43, 44, 41, 36, 33, 34, 26, 27, 
35, 32, 29, 28, 22, 15, 0, 4, 
26, 30, 27, 23, 15, 10, 1, 10, 
27, 26, 32, 23, 15, 15, 13, 9, 
},
// Bishop
{
5, 12, 5, 16, 10, 3, 5, -3, 
-7, -4, -3, -1, -12, -5, 1, 0, 
8, -2, 2, -8, -4, 0, -2, 5, 
4, 5, 1, 17, 8, 6, 1, 8, 
-3, 4, 12, 10, 7, 6, 3, -16, 
-2, 4, 7, 9, 13, 5, -4, -8, 
7, -11, -11, -1, 0, -7, -6, -10, 
-4, 7, -9, -4, -8, 3, -12, -25, 
},
// Knight
{
-41, -14, -4, -15, -14, -31, -23, -62, 
-3, -2, -13, -13, -19, -29, -6, -22, 
-6, -11, 2, 2, -10, -26, -20, -18, 
5, 2, 9, 12, 15, 7, 7, -4, 
1, -2, 15, 12, 20, 6, 2, 1, 
-7, -4, 0, 14, 12, -4, -9, -3, 
-2, 0, -6, -6, -8, -9, -11, 11, 
13, -18, -8, -7, -5, -14, -5, 7, 
},
// Pawn
{
0, 0, 0, 0, 0, 0, 0, 0, 
151, 139, 142, 76, 79, 100, 145, 163, 
78, 81, 37, -3, -10, 13, 57, 61, 
59, 47, 30, 10, 10, 17, 35, 33, 
39, 35, 23, 15, 13, 18, 24, 22, 
33, 29, 25, 24, 24, 25, 18, 19, 
35, 32, 27, 24, 34, 23, 17, 17, 
0, 0, 0, 0, 0, 0, 0, 0, 
},
MiddlegamePieceValue:  []int{10000, 957, 426, 344, 307, 71}
EndgamePieceValue:  []int{10000, 1074, 604, 362, 349, 86}
QueenMobilityMg: []int{-21, -18, -33, -54, -39, -22, -20, -18, -16, -14, -11, -7, -4, 0, 1, 2, 2, 2, 1, 3, 11, 23, 36, 47, 37, 75, 37, 23}
QueenMobilityEg: []int{-77, -66, -56, -74, 0, 59, 104, 131, 153, 176, 182, 187, 193, 192, 194, 197, 197, 199, 201, 197, 193, 172, 165, 148, 153, 140, 162, 159}
RookMobilityMg: []int{-42, -31, -8, -1, 3, 5, 6, 7, 10, 14, 17, 18, 22, 26, 29}
RookMobilityEg: []int{-17, 5, 30, 52, 63, 73, 80, 86, 88, 91, 94, 96, 97, 95, 91}
BishopMobilityMg: []int{-53, -62, -29, -19, -6, 1, 7, 12, 14, 18, 22, 38, 44, 56}
BishopMobilityEg: []int{-130, -55, -3, 22, 32, 39, 48, 53, 58, 58, 59, 50, 50, 37}
KnightMobilityMg: []int{-141, -37, -10, 0, 12, 15, 28, 40, 53}
KnightMobilityEg: []int{-76, -21, 10, 34, 45, 57, 59, 61, 55}
DoubledPawnPenaltyMg: -5
DoubledPawnPenaltyEg: -15
IsolatedPawnPenaltyMg: -10
IsolatedPawnPenaltyEg: -12
BackwardPawnPenaltyMg: -9
BackwardPawnPenaltyEg: -8
PassedPawnsPenaltyMg: []int{0, -8, -14, -14, 12, 0, 13, 0}
PassedPawnsPenaltyEg: []int{0, 9, 13, 40, 67, 139, 117, 0}
BishopPairBonusMg: 22
BishopPairBonusEg: 67
RookOnOpenFileMg: 37
RookOnSemiOpenFileMg: 21
KnightOutpostBonusMg: 35
KnightOutpostBonusEg: 19
BishopOutpostBonusMg: 40
BishopOutpostBonusEg: -3
QueenAttackWeight: 11
RookAttackWeight: 20
BishopAttackWeight: 15
KnightAttackWeight: 19
KingZoneDefenseBonus: 16
PawnShieldFrontBonus: []int{0, 22, 21, 2}
PawnShieldSideBonus: []int{27, 16, 11, 1}
PawnStormFrontPenalty: []int{117, -6, -5, 0}
PawnStormSidePenalty: []int{-4, -23, -26, -5}
KingOnOpenFilePenalty: -48
KingNearOpenFilePenalty: -15
MinorAttackedByPawnThreatPenalty: -51
RookAttackedByPawnThreatPenalty: -51
QueenAttackedByPawnThreatPenalty: -45
RookAttackedByMinorThreatPenalty: -38
QueenAttackedByMinorThreatPenalty: -45
PinnedQueenThreatPenalty: -62
PinnedRookThreatPenalty: -32
PinnedBishopThreatPenalty: -33
PinnedKnightThreatPenalty: -39
SafeQueenCheckThreatBonus: 15
SafeRookCheckThreatBonus: 13
SafeBishopCheckThreatBonus: 17
SafeKnightCheckThreatBonus: 14
TempoBonus: 24
