MiddlegamePSQT: 
// King
{
-76, 12, -1, -39, -50, -42, 1, -27, 
48, -4, -27, -11, 14, 11, -34, -50, 
4, 57, 34, -1, 6, 12, 32, -22, 
3, 10, 10, -10, 5, 11, 23, -13, 
-20, 39, -2, -3, -6, -4, 8, -26, 
9, 27, 19, -6, -3, 11, 26, -1, 
40, 27, 30, -61, -3, 25, 48, 5, 
-10, 28, -6, -14, -33, 13, -14, -27, 
},
// Queen
{
13, -41, 15, -29, 37, 24, 10, 86, 
17, 2, 36, 7, 20, 98, 69, 92, 
18, 24, 48, -8, 26, 47, 6, 16, 
10, -12, 0, 25, 40, -24, -28, -40, 
-50, -30, 31, 31, 39, 2, -37, -44, 
-41, 43, 30, -18, 26, 26, 24, -33, 
-25, 25, 20, 15, -1, 28, 33, -11, 
24, -57, -10, -31, -56, 0, -28, -19, 
},
// Rook
{
43, 17, -9, 10, 22, -32, -7, 4, 
68, 71, 96, 85, 100, 80, 33, 42, 
36, 60, 55, 57, 14, 22, 32, 47, 
17, 29, 48, 47, 28, 53, 21, 20, 
5, 12, 29, 34, 33, 19, 26, 18, 
-9, 12, 23, -21, -3, 13, 15, -7, 
-37, 19, 11, 22, 38, 51, 23, -77, 
-26, -15, 21, 23, 30, 14, -47, -67, 
},
// Bishop
{
-65, -37, -121, -78, -66, -83, -34, 13, 
-8, 57, 23, -54, 37, 73, 59, -10, 
-57, 48, 14, 26, -3, 9, -4, -43, 
-7, -36, 40, 88, 72, -4, -34, -43, 
28, 23, 45, 64, 26, 4, 4, 0, 
41, 40, 56, -2, 37, 68, 34, 34, 
7, 56, 12, 39, 48, 61, 74, 28, 
8, 25, 3, 20, 27, 19, -3, -6, 
},
// Knight
{
-126, -80, -75, -83, 21, -138, -56, -67, 
-32, 0, 113, 4, -18, 49, -34, 21, 
-8, 101, 78, 106, 109, 88, 33, 46, 
29, 58, 60, 94, 42, 110, 33, 57, 
25, 45, 57, 54, 68, 60, 60, -48, 
-36, 32, 25, 51, 49, 26, 62, -37, 
-57, -15, 29, 10, 38, 41, 27, 0, 
-93, -62, -17, 8, -9, 12, -60, -38, 
},
// Pawn
{
2, 0, 2, -1, 1, -2, 0, -1, 
139, 175, 102, 136, 109, 167, 75, 30, 
-47, -34, -15, -10, 24, 15, -16, -61, 
-55, 54, -21, 49, 64, 10, 58, -50, 
-68, -43, 36, 11, -6, 26, -31, -58, 
-36, 2, 37, 4, 39, 44, 33, -15, 
-76, -24, -61, -64, -56, -17, -3, -63, 
0, 1, 1, 2, 0, 0, 0, 0, 
},
EndgamePSQT: 
// King
{
-100, -68, -58, -54, -34, -26, -32, -58, 
-41, -24, -17, -22, 17, 77, 54, -29, 
33, 57, 61, -7, 20, 52, 68, -21, 
27, 62, 52, 40, 67, 74, 67, 21, 
13, 37, 45, 65, 68, 64, 50, 28, 
6, 38, 52, 60, 64, 57, 48, 8, 
14, 30, 41, 54, 49, 45, -5, -58, 
-66, -72, -46, -8, -69, -39, -65, -84, 
},
// Queen
{
-17, -19, -17, -14, -14, -22, -31, -21, 
24, 61, 68, 40, 49, 66, 42, -41, 
20, 47, 50, 24, 10, 70, 19, -32, 
36, 59, 59, 79, 18, 0, 16, 10, 
-23, 50, -3, 69, -5, 21, 0, -18, 
-47, -11, 37, -35, -1, 27, -22, -35, 
-20, -44, -63, -44, -17, -2, -43, -65, 
-47, -51, -41, -84, -46, -48, -32, -71, 
},
// Rook
{
1, -11, -23, -26, -29, -29, -33, -36, 
52, 53, 47, 15, -30, -14, 5, 24, 
48, 48, 48, 27, -19, 17, 18, 38, 
45, 44, 54, 33, 22, 37, 40, 43, 
44, 46, 49, 42, 18, 34, 15, 30, 
37, 41, 35, 12, 15, 23, 10, 25, 
35, 25, 38, 34, 30, 32, 27, 38, 
19, 41, 6, -32, -42, -54, -2, 18, 
},
// Bishop
{
-55, -37, 28, -22, 15, -49, -57, -64, 
-11, 36, 47, 28, -17, -35, -12, -54, 
-19, 27, 22, -6, -39, -34, -16, -37, 
21, 41, 13, 40, 5, -26, -13, -23, 
20, -18, 17, 35, 21, -1, -16, -3, 
29, 38, 49, 34, 47, 43, 34, 22, 
27, 23, 29, 39, 3, 32, 26, 6, 
18, 25, 12, 36, 32, 25, 25, 18, 
},
// Knight
{
-80, -4, -53, -46, -72, -68, -104, -138, 
-1, 33, 15, -33, -50, -66, -63, -90, 
17, 9, 49, 24, -42, -50, -60, -34, 
23, 44, 63, -3, 11, 16, 5, -45, 
23, 35, 57, 61, 9, 58, 44, -12, 
18, 38, 36, 56, 38, 3, 17, 18, 
-1, 21, 31, 36, 14, 21, 18, -8, 
4, -71, 17, 26, 17, 7, -78, -30, 
},
// Pawn
{
3, -1, 1, 1, 1, 0, 1, 0, 
219, 214, 199, 175, 188, 173, 206, 228, 
53, 59, 44, 26, 15, 12, 41, 43, 
-9, -17, -28, -36, -39, -37, -24, -24, 
-28, -32, -44, -48, -48, -47, -38, -42, 
-37, -34, -47, -10, -41, -46, -42, -49, 
-28, -33, -33, -20, -28, -41, -39, -48, 
6, -1, 0, 1, 1, 0, 0, -1, 
},
