MiddlegamePSQT: 
// King
{
-76, 9, 3, -40, -53, -43, 1, -20, 
45, -5, -27, -9, 14, 8, -36, -45, 
1, 51, 29, -4, 4, 13, 32, -23, 
-1, 7, 6, -15, 0, 6, 16, -17, 
-24, 32, -3, -7, -12, -10, 1, -26, 
6, 20, 12, -12, -10, 4, 19, -6, 
34, 29, 24, -57, -9, 18, 42, 0, 
-13, 27, -4, -21, -26, 6, -10, -20, 
}
// Queen
{
6, -34, 16, -22, 41, 23, 12, 79, 
10, -5, 29, 5, 14, 91, 62, 86, 
15, 17, 41, -5, 23, 49, 13, 23, 
6, -15, -1, 18, 33, -17, -28, -33, 
-43, -29, 24, 24, 32, -1, -31, -37, 
-38, 36, 23, -15, 23, 27, 19, -27, 
-24, 20, 22, 15, 1, 33, 28, -13, 
24, -52, -11, -24, -49, 2, -28, -21, 
}
// Rook
{
39, 18, -2, 17, 29, -25, 0, 10, 
61, 66, 91, 81, 95, 79, 32, 42, 
29, 53, 50, 55, 13, 27, 36, 42, 
10, 23, 41, 44, 29, 48, 18, 13, 
-2, 6, 22, 29, 29, 17, 23, 11, 
-13, 5, 17, -17, -5, 13, 12, -7, 
-36, 15, 6, 18, 31, 45, 22, -73, 
-26, -14, 19, 18, 23, 10, -45, -60, 
}
// Bishop
{
-62, -30, -115, -71, -59, -76, -27, 7, 
-13, 50, 16, -47, 36, 69, 52, -17, 
-50, 47, 19, 22, 2, 16, 3, -36, 
-10, -29, 35, 82, 66, 3, -27, -36, 
21, 20, 39, 59, 24, 0, -1, -2, 
34, 40, 49, -5, 34, 61, 31, 33, 
8, 49, 15, 34, 41, 55, 67, 23, 
1, 22, 6, 13, 21, 18, -7, -10, 
}
// Knight
{
-133, -79, -68, -77, 28, -131, -49, -74, 
-39, -7, 106, 9, -11, 50, -27, 14, 
-15, 94, 71, 99, 103, 95, 39, 44, 
22, 51, 53, 87, 40, 103, 28, 50, 
19, 38, 50, 47, 62, 53, 53, -42, 
-33, 25, 24, 44, 46, 26, 56, -37, 
-54, -21, 22, 12, 33, 43, 20, -1, 
-97, -55, -24, 1, -7, 5, -53, -37, 
}
// Pawn
{
2, 0, 2, -1, 1, -2, 1, 0, 
132, 168, 95, 129, 102, 160, 68, 23, 
-40, -27, -8, -3, 31, 22, -9, -54, 
-48, 47, -22, 48, 57, 11, 51, -49, 
-61, -36, 29, 10, -4, 27, -24, -55, 
-33, 0, 30, 0, 37, 37, 35, -14, 
-69, -22, -54, -57, -49, -10, 4, -56, 
-2, 2, 2, 1, 0, 0, 0, 0, 
}
EndgamePSQT: 
// King
{
-95, -66, -51, -49, -33, -19, -27, -51, 
-40, -17, -12, -15, 16, 70, 48, -22, 
32, 50, 56, -5, 21, 51, 65, -20, 
21, 55, 47, 41, 60, 67, 60, 16, 
9, 30, 42, 58, 61, 57, 43, 21, 
3, 31, 45, 54, 57, 50, 41, 8, 
7, 23, 37, 47, 47, 38, -4, -51, 
-69, -68, -47, -6, -62, -40, -58, -77, 
}
// Queen
{
-12, -12, -12, -7, -7, -15, -24, -14, 
17, 54, 63, 42, 55, 59, 40, -34, 
14, 40, 43, 27, 15, 64, 16, -25, 
31, 54, 53, 77, 25, 7, 23, 13, 
-25, 48, 2, 67, 0, 24, 5, -11, 
-42, -9, 40, -28, -3, 29, -16, -29, 
-18, -40, -57, -39, -17, 0, -41, -61, 
-43, -50, -39, -77, -39, -45, -30, -64, 
}
// Rook
{
2, -12, -16, -19, -22, -22, -26, -29, 
45, 47, 45, 12, -27, -16, 2, 21, 
41, 41, 41, 25, -22, 12, 12, 31, 
38, 37, 47, 31, 19, 31, 33, 36, 
37, 39, 42, 37, 15, 28, 11, 23, 
30, 34, 29, 13, 13, 20, 5, 18, 
28, 25, 32, 32, 25, 25, 22, 31, 
17, 36, 3, -32, -38, -47, -2, 13, 
}
// Bishop
{
-48, -38, 22, -23, 13, -42, -50, -57, 
-12, 29, 40, 21, -14, -35, -17, -47, 
-22, 22, 18, -8, -33, -27, -19, -30, 
17, 36, 9, 37, 3, -23, -14, -25, 
16, -17, 19, 34, 20, 0, -18, -7, 
22, 31, 42, 31, 43, 37, 27, 16, 
20, 16, 24, 33, 5, 25, 19, 0, 
11, 19, 9, 29, 25, 18, 20, 13, 
}
// Knight
{
-75, -9, -47, -46, -65, -61, -97, -131, 
-4, 26, 8, -29, -43, -59, -58, -85, 
10, 5, 44, 23, -35, -43, -53, -40, 
17, 37, 56, 0, 10, 12, 6, -46, 
16, 28, 50, 58, 12, 51, 37, -17, 
11, 31, 30, 49, 32, 3, 11, 11, 
-8, 14, 24, 29, 13, 14, 11, -13, 
1, -74, 11, 19, 10, 4, -78, -36, 
}
// Pawn
{
1, -1, 1, 1, 1, 0, 1, 0, 
212, 207, 192, 168, 181, 166, 199, 221, 
60, 66, 51, 33, 22, 19, 48, 50, 
-2, -10, -21, -29, -32, -30, -17, -17, 
-21, -25, -37, -41, -41, -40, -31, -35, 
-30, -27, -40, -5, -34, -39, -35, -42, 
-21, -26, -26, -18, -21, -34, -32, -41, 
6, -1, 0, 1, 1, 0, 0, 0, 
}
