MiddlegamePSQT: 
// King
{
-25, -32, -34, -43, -53, -40, -38, -35, 
-33, -45, -40, -48, -45, -37, -40, -28, 
-27, -42, -41, -54, -53, -39, -37, -33, 
-28, -41, -39, -55, -48, -32, -36, -28, 
-20, -25, -25, -39, -35, -26, -28, -19, 
-10, -16, -19, -20, -20, -20, -18, -9, 
21, 24, -3, -4, -1, 2, 22, 19, 
24, 30, 14, 1, -3, 8, 31, 18, 
},
// Queen
{
-22, -12, -7, 0, -4, -1, -5, -23, 
-12, 9, 4, 5, 7, 6, 8, -8, 
-7, 2, 7, 5, 7, 6, -3, -12, 
-3, 2, 2, 8, 8, 2, 1, -8, 
4, 2, 8, 7, 6, 7, -4, -1, 
-12, 8, 10, 3, 11, 9, -2, -12, 
-9, -1, 2, -1, 1, 0, 4, -11, 
-24, -6, -10, -6, -12, -5, -15, -13, 
},
// Rook
{
5, 0, -2, 3, 0, -2, -4, -3, 
5, 9, 10, 8, 13, 15, 16, 8, 
-2, 4, 3, -1, -4, -3, 4, -3, 
-1, 2, 0, 1, 3, -1, 1, -5, 
-3, 1, 3, 3, -2, -3, 1, -7, 
-6, 2, 3, -1, 0, 2, -1, 0, 
-9, 2, 1, -1, 1, -1, 6, -11, 
0, -1, -1, 5, 5, 1, -1, -1, 
},
// Bishop
{
-16, -5, -9, -15, -15, -12, -15, -13, 
-9, 8, 3, 6, 1, 7, 4, 0, 
-18, -5, 10, 4, 10, 7, -9, -16, 
-7, -2, -3, 11, 10, 3, -1, -16, 
-2, 0, 7, 9, 12, 10, 0, -14, 
-9, 12, 9, 9, 7, 12, 12, -12, 
-8, 11, 2, 1, 2, 0, 6, -2, 
-21, -8, -10, -7, -11, -11, -12, -23, 
},
// Knight
{
-46, -41, -33, -33, -32, -33, -49, -47, 
-34, -15, 5, -2, -1, 3, -24, -34, 
-28, 3, 14, 13, 12, 12, 1, -21, 
-26, 8, 19, 21, 20, 16, 5, -26, 
-24, 7, 19, 25, 22, 18, 1, -32, 
-32, 10, 9, 14, 8, 10, 8, -29, 
-40, -16, 3, 4, 5, 4, -14, -44, 
-43, -40, -26, -37, -33, -32, -46, -39, 
},
// Pawn
{
-1, 1, 0, 0, 1, 0, -1, 0, 
54, 57, 58, 55, 56, 57, 58, 52, 
8, 10, 18, 32, 32, 22, 7, 9, 
5, 6, 11, 26, 24, 10, 4, 4, 
0, -1, 3, 19, 16, -1, -2, 0, 
5, -4, -7, 2, 1, -6, -3, 5, 
4, 8, 3, -21, -23, 7, 7, 5, 
0, 0, 0, 0, 0, 0, 0, 0, 
},
EndgamePSQT: 
// King
{
-45, -34, -28, -17, -22, -30, -35, -60, 
-37, -22, -15, -1, 10, -6, -21, -30, 
-26, -8, 25, 28, 32, 23, -4, -33, 
-28, -11, 35, 39, 37, 33, -9, -32, 
-35, -9, 34, 42, 44, 32, -10, -27, 
-25, -5, 17, 29, 33, 20, -8, -30, 
-27, -25, 4, 2, 3, 0, -29, -30, 
-45, -28, -28, -30, -33, -33, -32, -53, 
},
// Queen
{
-23, -12, -9, -5, -4, -5, -4, -20, 
-8, 0, 2, 2, 8, 9, 5, -8, 
-5, 5, 10, 3, 5, 7, 10, -4, 
-5, 0, 7, 5, 8, 2, 3, -5, 
3, 7, 7, 4, 9, 11, -4, -9, 
-13, 4, 8, 5, 5, 0, -1, -18, 
-10, -4, -1, 4, 2, 0, 3, -16, 
-19, -10, -9, -9, -4, -11, -8, -16, 
},
// Rook
{
3, -2, -2, -2, -1, -6, -6, 1, 
5, 9, 12, 10, 14, 11, 13, 7, 
-5, 3, 1, 3, -4, -1, 0, 1, 
-3, 2, 1, 5, 4, 5, 3, -1, 
-6, 6, 5, 3, 3, 5, -2, 0, 
-5, 1, 1, -3, 1, 4, -1, -4, 
-4, 3, -3, -1, 0, -1, 4, -3, 
0, 0, 0, 5, 3, -1, -5, -2, 
},
// Bishop
{
-17, -3, -10, -17, -8, -11, -5, -15, 
-8, 2, 3, -6, 1, 11, -1, -11, 
-13, -5, 11, 13, 4, 6, -8, -6, 
-7, 6, -3, 10, 9, 8, 8, -9, 
-8, 0, 4, 10, 12, 11, -2, -12, 
-8, 8, 14, 9, 12, 9, 10, -4, 
-6, 2, -4, 2, 0, -3, 8, -11, 
-22, -7, -10, -10, -11, -10, -10, -18, 
},
// Knight
{
-48, -34, -27, -28, -29, -31, -47, -48, 
-34, -16, 3, -5, -3, -3, -17, -37, 
-32, -4, 11, 17, 12, 6, 1, -28, 
-28, 9, 22, 19, 18, 20, 2, -29, 
-31, 0, 18, 21, 14, 15, -2, -39, 
-32, 4, 8, 17, 12, 9, 4, -31, 
-31, -20, 1, 4, 5, 4, -16, -44, 
-50, -42, -29, -28, -25, -34, -42, -46, 
},
// Pawn
{
0, 0, 0, 0, 0, 0, 0, 0, 
55, 56, 61, 55, 53, 59, 57, 56, 
9, 7, 21, 28, 33, 24, 10, 7, 
4, 6, 9, 24, 24, 11, 4, 4, 
-1, 0, 0, 19, 19, 0, 0, -1, 
5, -5, -10, 0, 0, -9, -5, 4, 
5, 10, 9, -17, -18, 9, 10, 4, 
1, 1, 1, 0, 0, 0, 0, 0, 
},
