MiddlegamePSQT: 
// King
{
-76, 9, 0, -39, -52, -42, 1, -24, 
46, -5, -27, -11, 14, 10, -34, -47, 
3, 54, 32, -2, 6, 11, 32, -23, 
2, 8, 9, -13, 3, 10, 20, -15, 
-22, 36, -2, -5, -9, -6, 5, -26, 
8, 24, 16, -8, -6, 8, 23, -4, 
38, 26, 28, -59, -5, 22, 46, 4, 
-12, 25, -6, -17, -30, 10, -14, -24, 
},
// Queen
{
10, -38, 16, -26, 39, 24, 11, 83, 
14, -1, 33, 6, 17, 95, 66, 89, 
18, 21, 45, -7, 25, 49, 9, 19, 
8, -15, 1, 22, 37, -21, -27, -37, 
-47, -30, 28, 28, 36, 0, -35, -41, 
-38, 40, 27, -17, 26, 26, 22, -31, 
-25, 23, 21, 16, 0, 29, 30, -12, 
24, -56, -10, -28, -53, 3, -29, -20, 
},
// Rook
{
42, 16, -6, 13, 25, -29, -4, 7, 
65, 69, 93, 84, 99, 80, 32, 42, 
33, 57, 53, 56, 13, 25, 35, 45, 
14, 27, 45, 47, 27, 51, 19, 17, 
2, 10, 26, 33, 31, 18, 25, 15, 
-10, 9, 20, -20, -4, 12, 14, -7, 
-37, 17, 9, 19, 35, 49, 23, -75, 
-26, -15, 21, 22, 27, 12, -46, -64, 
},
// Bishop
{
-66, -34, -119, -75, -63, -80, -31, 11, 
-10, 54, 20, -51, 36, 70, 56, -13, 
-54, 48, 17, 24, -1, 12, -1, -40, 
-7, -33, 38, 85, 69, -1, -31, -40, 
25, 22, 42, 62, 26, 2, 1, -2, 
38, 41, 53, -4, 35, 65, 32, 35, 
8, 53, 13, 37, 45, 59, 71, 26, 
5, 24, 4, 17, 25, 20, -4, -8, 
},
// Knight
{
-129, -81, -72, -81, 24, -135, -53, -70, 
-35, -3, 110, 7, -15, 47, -31, 18, 
-11, 98, 75, 103, 107, 91, 36, 45, 
26, 55, 57, 91, 42, 107, 31, 54, 
22, 42, 54, 51, 66, 57, 57, -46, 
-37, 29, 25, 48, 47, 28, 59, -39, 
-58, -17, 26, 9, 37, 42, 24, 2, 
-93, -59, -20, 5, -10, 9, -57, -37, 
},
// Pawn
{
2, 0, 2, -1, 1, -2, 1, 0, 
136, 172, 99, 133, 106, 164, 72, 27, 
-44, -31, -12, -7, 27, 18, -13, -58, 
-52, 51, -20, 47, 61, 9, 55, -50, 
-65, -40, 33, 10, -5, 27, -28, -57, 
-35, 1, 34, 2, 39, 41, 35, -14, 
-73, -21, -58, -61, -53, -14, 0, -60, 
-1, 2, 1, 2, 0, 0, 0, 0, 
},
EndgamePSQT: 
// King
{
-97, -69, -55, -51, -32, -23, -31, -55, 
-41, -21, -14, -19, 16, 74, 52, -26, 
31, 54, 59, -8, 22, 50, 66, -21, 
25, 59, 49, 40, 64, 71, 64, 18, 
12, 34, 44, 62, 65, 61, 47, 25, 
4, 35, 49, 57, 61, 54, 45, 10, 
11, 27, 41, 51, 49, 42, -4, -55, 
-67, -70, -46, -7, -66, -38, -62, -81, 
},
// Queen
{
-16, -16, -16, -11, -11, -19, -28, -18, 
21, 58, 65, 39, 52, 63, 41, -38, 
17, 44, 47, 25, 13, 67, 18, -29, 
35, 57, 56, 79, 21, 3, 19, 11, 
-23, 50, -1, 68, -2, 21, 3, -15, 
-44, -11, 39, -32, -1, 29, -19, -32, 
-19, -43, -60, -42, -17, -1, -42, -64, 
-44, -51, -40, -81, -43, -46, -32, -68, 
},
// Rook
{
1, -11, -20, -23, -26, -26, -30, -33, 
49, 50, 46, 13, -29, -14, 3, 23, 
45, 45, 45, 25, -21, 16, 16, 35, 
42, 41, 51, 33, 22, 34, 37, 40, 
41, 43, 46, 41, 17, 32, 12, 27, 
34, 38, 33, 12, 15, 22, 7, 22, 
32, 26, 35, 33, 28, 29, 24, 35, 
19, 38, 5, -32, -39, -51, -2, 16, 
},
// Bishop
{
-52, -38, 26, -22, 15, -46, -54, -61, 
-10, 33, 44, 25, -15, -35, -14, -51, 
-20, 24, 19, -7, -36, -31, -17, -34, 
19, 39, 11, 38, 4, -26, -15, -24, 
17, -19, 17, 37, 19, 0, -15, -5, 
26, 35, 46, 33, 46, 41, 31, 19, 
24, 20, 28, 37, 3, 29, 23, 4, 
15, 22, 11, 33, 29, 22, 22, 16, 
},
// Knight
{
-77, -6, -50, -46, -69, -65, -101, -135, 
-3, 30, 12, -32, -47, -63, -62, -89, 
14, 6, 47, 23, -39, -47, -57, -37, 
21, 41, 60, -1, 10, 15, 6, -46, 
20, 32, 54, 59, 9, 55, 41, -14, 
15, 35, 33, 53, 36, 3, 14, 15, 
-4, 18, 28, 33, 14, 18, 15, -10, 
4, -73, 14, 23, 14, 6, -77, -33, 
},
// Pawn
{
2, -1, 1, 1, 1, 0, 1, 0, 
216, 211, 196, 172, 185, 170, 203, 225, 
56, 62, 47, 29, 18, 15, 44, 46, 
-6, -14, -25, -33, -36, -34, -21, -21, 
-25, -29, -41, -45, -45, -44, -35, -39, 
-34, -31, -44, -8, -38, -43, -39, -46, 
-25, -30, -30, -19, -25, -38, -36, -45, 
7, -1, 0, 1, 1, 0, 0, 0, 
},
