MiddlegamePSQT: 
// King
{
-75, 9, 1, -40, -53, -43, 1, -23, 
46, -4, -28, -11, 14, 11, -35, -46, 
2, 54, 31, -2, 5, 12, 31, -22, 
1, 7, 8, -14, 2, 9, 19, -15, 
-23, 35, -3, -5, -9, -7, 4, -27, 
7, 23, 15, -9, -7, 7, 22, -5, 
37, 27, 27, -59, -6, 21, 45, 3, 
-12, 26, -6, -18, -29, 9, -13, -23, 
},
// Queen
{
9, -37, 15, -25, 40, 23, 12, 82, 
13, -2, 32, 6, 16, 94, 65, 89, 
17, 20, 44, -8, 24, 50, 10, 20, 
7, -14, 1, 21, 36, -20, -27, -36, 
-46, -30, 27, 27, 35, -1, -34, -40, 
-37, 39, 26, -16, 25, 26, 21, -30, 
-25, 22, 21, 15, 1, 30, 29, -13, 
24, -55, -10, -27, -52, 3, -29, -19, 
},
// Rook
{
41, 17, -5, 14, 26, -28, -3, 8, 
64, 69, 93, 83, 98, 79, 31, 41, 
32, 56, 52, 57, 12, 24, 34, 44, 
13, 26, 44, 46, 27, 51, 19, 16, 
1, 9, 25, 32, 31, 18, 25, 14, 
-10, 8, 20, -19, -5, 12, 15, -7, 
-36, 16, 9, 19, 34, 48, 23, -75, 
-26, -15, 21, 21, 26, 12, -45, -63, 
},
// Bishop
{
-65, -33, -118, -74, -62, -79, -30, 10, 
-10, 53, 19, -50, 35, 69, 55, -14, 
-53, 48, 16, 24, -1, 13, 0, -39, 
-8, -32, 37, 84, 68, 0, -30, -39, 
24, 21, 42, 61, 25, 1, 0, -2, 
37, 41, 52, -5, 35, 64, 32, 35, 
9, 52, 14, 36, 44, 58, 70, 25, 
4, 23, 4, 16, 24, 19, -5, -9, 
},
// Knight
{
-130, -80, -71, -80, 25, -134, -52, -71, 
-36, -4, 109, 6, -14, 47, -30, 17, 
-12, 97, 74, 102, 106, 92, 37, 44, 
25, 54, 56, 90, 42, 106, 30, 53, 
21, 41, 53, 50, 65, 56, 56, -45, 
-36, 28, 25, 47, 47, 27, 58, -38, 
-57, -18, 25, 10, 36, 43, 23, 1, 
-94, -58, -21, 4, -10, 8, -56, -36, 
},
// Pawn
{
3, 0, 2, -1, 1, -2, 1, 0, 
135, 171, 98, 132, 105, 163, 71, 26, 
-43, -30, -11, -6, 28, 19, -12, -57, 
-51, 50, -20, 47, 60, 9, 54, -50, 
-64, -39, 32, 10, -6, 27, -27, -57, 
-34, 2, 33, 1, 39, 40, 36, -15, 
-72, -21, -57, -60, -52, -13, 1, -59, 
-1, 2, 1, 1, 0, 0, 0, 0, 
},
EndgamePSQT: 
// King
{
-96, -68, -54, -52, -31, -22, -30, -54, 
-41, -20, -13, -18, 17, 73, 51, -25, 
31, 53, 58, -8, 21, 51, 66, -22, 
24, 58, 49, 40, 63, 70, 63, 17, 
11, 33, 43, 61, 64, 60, 46, 24, 
4, 34, 48, 56, 60, 53, 44, 9, 
10, 26, 40, 50, 48, 41, -5, -54, 
-68, -70, -46, -7, -65, -39, -61, -80, 
},
// Queen
{
-15, -15, -15, -10, -10, -18, -27, -17, 
20, 57, 65, 39, 52, 62, 41, -37, 
16, 43, 46, 25, 13, 66, 17, -28, 
34, 56, 55, 78, 22, 4, 20, 12, 
-23, 49, -1, 68, -1, 22, 4, -14, 
-45, -10, 39, -31, -1, 30, -18, -31, 
-18, -42, -59, -41, -17, -1, -42, -63, 
-44, -50, -40, -80, -42, -46, -31, -67, 
},
// Rook
{
1, -12, -19, -22, -25, -25, -29, -32, 
48, 50, 46, 12, -30, -14, 3, 23, 
44, 44, 44, 24, -22, 15, 15, 34, 
41, 40, 50, 33, 21, 33, 36, 39, 
40, 42, 45, 40, 17, 31, 11, 26, 
33, 37, 32, 12, 15, 21, 7, 21, 
31, 25, 34, 32, 28, 28, 24, 34, 
19, 37, 5, -31, -38, -50, -1, 15, 
},
// Bishop
{
-51, -38, 25, -22, 14, -45, -53, -60, 
-11, 32, 43, 24, -14, -34, -15, -50, 
-21, 24, 19, -7, -35, -30, -17, -33, 
18, 38, 10, 38, 3, -25, -15, -25, 
17, -18, 17, 37, 19, 0, -16, -6, 
25, 34, 45, 33, 45, 40, 30, 18, 
23, 19, 27, 36, 3, 28, 22, 3, 
14, 21, 11, 32, 28, 21, 21, 16, 
},
// Knight
{
-76, -7, -49, -45, -68, -64, -100, -134, 
-4, 29, 11, -31, -46, -62, -61, -88, 
13, 7, 46, 22, -38, -46, -56, -38, 
20, 40, 59, 0, 11, 14, 5, -46, 
19, 31, 53, 60, 9, 54, 40, -15, 
14, 34, 32, 52, 35, 3, 13, 14, 
-5, 17, 27, 32, 13, 17, 14, -10, 
3, -73, 13, 22, 13, 5, -77, -34, 
},
// Pawn
{
2, -1, 1, 1, 1, 0, 1, 0, 
215, 210, 195, 171, 184, 169, 202, 224, 
57, 63, 48, 30, 19, 16, 45, 47, 
-5, -13, -24, -32, -35, -33, -20, -20, 
-24, -28, -40, -44, -44, -43, -34, -38, 
-33, -30, -43, -7, -37, -42, -38, -45, 
-24, -29, -29, -20, -24, -37, -35, -44, 
7, -1, 0, 1, 1, 0, 0, 0, 
},
