MiddlegamePSQT: 
// King
{
-29, -39, -39, -49, -51, -39, -39, -31, 
-31, -41, -41, -49, -49, -39, -39, -31, 
-30, -41, -39, -49, -49, -41, -39, -29, 
-30, -40, -39, -50, -49, -40, -41, -31, 
-21, -29, -29, -40, -39, -31, -29, -20, 
-10, -19, -19, -20, -21, -21, -19, -10, 
21, 21, -1, 1, -1, 1, 21, 19, 
19, 31, 11, 1, -1, 9, 31, 20, 
},
// Queen
{
-19, -10, -10, -5, -6, -9, -9, -20, 
-10, 1, 1, 1, 0, 1, 1, -9, 
-9, 1, 6, 5, 5, 5, 1, -10, 
-6, 1, 5, 4, 6, 5, -1, -6, 
1, 1, 6, 6, 5, 6, -1, -5, 
-11, 6, 6, 4, 6, 6, -1, -10, 
-9, 0, 4, -1, 1, 1, 0, -9, 
-19, -9, -11, -6, -6, -10, -9, -20, 
},
// Rook
{
1, 0, -1, 1, 1, 1, 0, -1, 
4, 10, 9, 9, 11, 11, 11, 6, 
-4, 1, 1, 0, 0, 0, 1, -4, 
-4, 0, -1, 1, 1, 1, 1, -5, 
-5, 0, 0, -1, 0, -1, -1, -6, 
-4, 0, 1, 1, 1, 1, -1, -4, 
-6, 1, -1, 0, -1, 1, 1, -5, 
0, -1, 0, 5, 5, 1, 0, -1, 
},
// Bishop
{
-19, -9, -9, -10, -11, -9, -11, -19, 
-9, 1, 0, 1, 0, 1, 1, -9, 
-11, 1, 6, 9, 11, 6, -1, -11, 
-11, 4, 4, 11, 11, 4, 4, -11, 
-9, 0, 9, 11, 11, 9, 1, -11, 
-9, 10, 11, 9, 10, 11, 10, -11, 
-10, 6, 1, 1, 1, 1, 6, -9, 
-21, -9, -10, -10, -10, -11, -10, -19, 
},
// Knight
{
-51, -39, -31, -29, -31, -30, -41, -49, 
-40, -19, 1, 1, 1, 0, -21, -39, 
-29, 0, 11, 14, 14, 10, 0, -29, 
-30, 6, 16, 21, 20, 16, 4, -30, 
-29, 1, 16, 21, 21, 16, 0, -30, 
-31, 6, 10, 15, 14, 10, 5, -31, 
-41, -19, 0, 5, 5, 0, -19, -41, 
-51, -40, -29, -31, -30, -31, -41, -49, 
},
// Pawn
{
0, 0, 0, 0, 0, 0, 0, 0, 
51, 51, 51, 50, 50, 51, 51, 51, 
10, 9, 19, 31, 30, 21, 9, 9, 
5, 5, 10, 25, 25, 10, 5, 4, 
0, 0, 1, 19, 19, -1, 0, 0, 
5, -4, -9, 0, 1, -9, -4, 5, 
4, 9, 9, -19, -20, 9, 9, 5, 
0, 0, 0, 0, 0, 0, 0, 0, 
},
EndgamePSQT: 
// King
{
-49, -40, -29, -19, -19, -29, -40, -51, 
-31, -19, -11, 1, 1, -9, -19, -31, 
-30, -9, 21, 31, 31, 21, -9, -30, 
-31, -11, 31, 40, 40, 31, -10, -31, 
-31, -10, 31, 41, 41, 31, -9, -30, 
-29, -9, 21, 31, 31, 21, -9, -30, 
-29, -29, 1, 1, 1, 0, -30, -30, 
-50, -31, -30, -30, -30, -31, -31, -51, 
},
// Queen
{
-21, -11, -9, -5, -4, -9, -9, -20, 
-9, 1, 0, 1, 0, 1, 1, -9, 
-10, 1, 5, 4, 6, 5, 1, -10, 
-6, 0, 4, 5, 6, 6, -1, -5, 
0, 1, 5, 6, 6, 6, 1, -5, 
-11, 5, 5, 5, 4, 4, -1, -11, 
-10, -1, 4, 0, 0, 0, 1, -11, 
-19, -9, -9, -5, -6, -10, -10, -20, 
},
// Rook
{
1, -1, -1, -1, 1, -1, 0, 1, 
6, 11, 10, 10, 11, 11, 10, 6, 
-5, 1, 0, 1, -1, 0, -1, -5, 
-5, 1, 0, 0, 1, 1, 1, -4, 
-5, 1, 1, -1, 1, 1, 0, -5, 
-5, 1, 1, 0, 1, 1, 0, -4, 
-5, 1, 0, 0, 0, 0, 1, -5, 
0, 0, 0, 5, 5, 0, -1, -1, 
},
// Bishop
{
-20, -9, -9, -10, -10, -10, -9, -19, 
-10, 1, 0, -1, 1, 1, 1, -10, 
-10, -1, 5, 11, 9, 6, -1, -11, 
-9, 4, 4, 10, 10, 5, 5, -11, 
-9, 1, 9, 11, 11, 11, 1, -10, 
-9, 10, 11, 9, 11, 10, 10, -9, 
-9, 4, -1, 1, 0, -1, 6, -10, 
-20, -10, -10, -10, -11, -10, -9, -21, 
},
// Knight
{
-49, -39, -30, -29, -29, -29, -41, -49, 
-39, -19, 1, 0, -1, 0, -20, -41, 
-31, -1, 11, 16, 14, 9, 0, -29, 
-29, 6, 16, 20, 19, 15, 4, -31, 
-29, 0, 16, 21, 19, 15, 0, -31, 
-29, 6, 9, 16, 14, 9, 6, -29, 
-39, -20, 0, 5, 5, 0, -19, -41, 
-50, -40, -29, -29, -30, -29, -40, -50, 
},
// Pawn
{
0, 0, 0, 0, 0, 0, 0, 0, 
51, 51, 51, 51, 51, 51, 50, 51, 
9, 10, 20, 29, 30, 20, 9, 10, 
4, 5, 9, 24, 25, 11, 4, 4, 
-1, 0, 0, 20, 20, 0, 0, -1, 
5, -5, -10, 0, 0, -10, -5, 4, 
5, 10, 9, -19, -20, 9, 10, 4, 
0, 0, 0, 0, 0, 0, 0, 0, 
},
