MiddlegamePSQT: 
// King
{
-20, -31, -38, -39, -51, -41, -40, -34, 
-33, -50, -41, -47, -40, -38, -41, -27, 
-26, -44, -42, -55, -52, -39, -36, -33, 
-27, -42, -40, -55, -48, -32, -36, -28, 
-20, -23, -25, -39, -35, -23, -28, -19, 
-11, -14, -18, -20, -20, -20, -18, -9, 
21, 24, -3, -4, -1, 2, 22, 19, 
25, 30, 14, 0, -3, 8, 31, 18, 
},
// Queen
{
-22, -13, -7, 1, -5, -1, -4, -26, 
-12, 9, 4, 7, 6, 8, 11, -6, 
-5, 3, 8, 4, 7, 6, -3, -12, 
-3, 3, 2, 8, 8, 2, 1, -10, 
4, 0, 8, 8, 6, 8, -5, -2, 
-11, 9, 11, 3, 11, 9, -2, -13, 
-9, 0, 2, -1, 1, 0, 4, -10, 
-25, -6, -10, -6, -12, -5, -15, -10, 
},
// Rook
{
6, -1, -1, 4, 0, -1, -6, -3, 
5, 9, 10, 8, 14, 15, 16, 8, 
-1, 6, 1, -1, -4, -3, 4, -2, 
-1, 2, 0, 1, 3, -1, 2, -5, 
-3, 1, 4, 3, -2, -3, 1, -6, 
-7, 2, 3, -1, -1, 2, -2, 1, 
-9, 3, 2, -1, 1, -1, 7, -11, 
0, -1, -1, 5, 5, 1, -1, -1, 
},
// Bishop
{
-17, -6, -9, -20, -16, -16, -14, -13, 
-9, 9, 4, 6, 1, 7, 11, 1, 
-21, -7, 12, 2, 9, 8, -11, -21, 
-4, -2, -3, 11, 10, 0, -2, -15, 
-1, 0, 7, 11, 11, 10, 0, -15, 
-9, 12, 9, 9, 7, 12, 12, -12, 
-8, 12, 2, 1, 2, -1, 6, -1, 
-21, -7, -10, 0, -11, -11, -13, -23, 
},
// Knight
{
-47, -41, -32, -35, -34, -31, -54, -49, 
-34, -14, 6, -5, -1, 6, -25, -31, 
-28, 7, 15, 9, 13, 11, 3, -21, 
-24, 8, 19, 21, 19, 16, 5, -26, 
-24, 8, 20, 26, 22, 21, 1, -32, 
-31, 11, 9, 14, 7, 10, 8, -29, 
-43, -15, 3, 4, 5, 4, -14, -44, 
-41, -40, -25, -37, -34, -31, -46, -37, 
},
// Pawn
{
-3, 1, 0, 0, 1, 0, -1, 0, 
56, 59, 64, 57, 58, 57, 60, 51, 
8, 10, 17, 31, 32, 23, 10, 9, 
5, 6, 11, 26, 24, 10, 4, 4, 
0, -1, 3, 19, 16, -1, -2, 0, 
5, -4, -7, 2, 1, -6, -3, 5, 
4, 8, 3, -21, -23, 7, 7, 5, 
0, -1, 0, 0, 0, 0, -1, 0, 
},
EndgamePSQT: 
// King
{
-46, -35, -28, -16, -21, -30, -36, -63, 
-39, -20, -15, -1, 14, -5, -22, -30, 
-26, -8, 25, 28, 31, 23, -3, -35, 
-26, -10, 35, 39, 37, 32, -9, -32, 
-35, -8, 34, 42, 44, 35, -10, -27, 
-26, -3, 16, 29, 33, 20, -8, -30, 
-27, -25, 4, 2, 3, 0, -29, -30, 
-45, -28, -28, -30, -33, -33, -32, -53, 
},
// Queen
{
-23, -11, -9, -6, -3, -5, -3, -22, 
-6, 0, 2, 3, 10, 11, 10, -6, 
-1, 6, 10, 1, 6, 7, 12, -4, 
-5, -1, 7, 5, 8, 2, 3, -2, 
2, 8, 7, 6, 9, 11, -4, -9, 
-13, 5, 7, 5, 6, 0, -2, -20, 
-10, -4, -1, 5, 2, 1, 3, -16, 
-19, -10, -10, -9, -4, -11, -8, -14, 
},
// Rook
{
3, -1, -2, -2, -1, -6, -6, 0, 
5, 9, 12, 10, 14, 11, 14, 7, 
-4, 3, 2, 3, -4, -1, 0, 1, 
-3, 2, 1, 5, 4, 5, 4, -1, 
-6, 8, 6, 3, 4, 5, -2, 1, 
-5, 1, 1, -3, 1, 5, -1, -4, 
-4, 4, -3, -1, 0, -1, 4, -3, 
0, 0, 0, 5, 3, -1, -5, -2, 
},
// Bishop
{
-16, -3, -10, -19, -8, -10, -4, -15, 
-8, 3, 5, -6, 1, 13, 0, -11, 
-11, -5, 13, 12, 5, 7, -8, -2, 
-5, 6, -3, 10, 9, 8, 8, -9, 
-9, 0, 4, 9, 12, 11, -2, -14, 
-7, 8, 14, 9, 12, 9, 10, -1, 
-6, 2, -4, 2, 0, -3, 8, -7, 
-23, -7, -10, -8, -10, -10, -11, -17, 
},
// Knight
{
-49, -34, -27, -27, -28, -31, -57, -49, 
-34, -14, 4, -7, -3, -2, -16, -36, 
-32, -3, 10, 19, 12, 6, 1, -32, 
-29, 9, 23, 19, 18, 20, 2, -29, 
-31, -1, 19, 21, 14, 13, -2, -39, 
-31, 4, 8, 17, 11, 9, 4, -31, 
-27, -19, 1, 4, 5, 4, -13, -46, 
-51, -42, -29, -25, -24, -33, -42, -46, 
},
// Pawn
{
2, -1, 0, 0, -1, 0, 0, 0, 
55, 58, 67, 60, 52, 61, 57, 57, 
9, 6, 21, 28, 32, 24, 9, 7, 
4, 6, 9, 24, 24, 11, 4, 4, 
-1, 0, 0, 19, 19, 0, 0, -1, 
5, -5, -10, 0, 0, -9, -5, 4, 
5, 10, 9, -17, -18, 9, 10, 4, 
2, 1, 1, 0, -1, 0, 0, 0, 
},
