MiddlegamePSQT: 
// King
{
-76, 9, 1, -41, -52, -43, 0, -22, 
45, -4, -27, -10, 14, 10, -36, -45, 
2, 53, 31, -2, 4, 12, 31, -22, 
1, 7, 8, -13, 2, 8, 18, -16, 
-23, 34, -3, -6, -10, -8, 3, -28, 
6, 22, 14, -10, -8, 6, 21, -6, 
36, 28, 26, -59, -7, 20, 44, 2, 
-13, 27, -5, -19, -28, 8, -12, -22, 
},
// Queen
{
8, -36, 16, -24, 41, 24, 11, 81, 
12, -3, 31, 6, 15, 93, 64, 88, 
16, 19, 43, -7, 23, 49, 11, 21, 
7, -15, 1, 20, 35, -19, -27, -35, 
-45, -30, 26, 26, 34, 0, -33, -39, 
-37, 38, 25, -17, 25, 27, 20, -29, 
-25, 21, 22, 15, 2, 31, 29, -13, 
25, -54, -10, -26, -51, 3, -28, -20, 
},
// Rook
{
40, 18, -4, 15, 27, -27, -2, 8, 
63, 68, 92, 82, 97, 78, 31, 41, 
31, 55, 51, 56, 12, 25, 34, 43, 
12, 25, 43, 46, 27, 50, 19, 15, 
0, 8, 24, 31, 31, 17, 25, 13, 
-11, 7, 19, -18, -5, 12, 14, -6, 
-36, 16, 8, 19, 33, 47, 22, -75, 
-26, -14, 21, 20, 25, 12, -44, -62, 
},
// Bishop
{
-64, -32, -117, -73, -61, -78, -29, 9, 
-11, 52, 18, -49, 35, 69, 54, -15, 
-52, 47, 17, 23, 0, 14, 1, -38, 
-9, -31, 37, 83, 67, 1, -29, -38, 
23, 21, 41, 60, 25, 1, 0, -1, 
36, 41, 51, -6, 35, 63, 32, 34, 
8, 51, 15, 35, 43, 57, 69, 24, 
3, 23, 5, 15, 23, 18, -6, -9, 
},
// Knight
{
-131, -79, -70, -79, 26, -133, -51, -72, 
-37, -5, 108, 7, -13, 48, -29, 16, 
-13, 96, 73, 101, 105, 93, 37, 44, 
24, 53, 55, 89, 42, 105, 29, 52, 
21, 40, 52, 49, 64, 55, 55, -44, 
-35, 27, 24, 46, 47, 27, 57, -39, 
-56, -19, 24, 11, 35, 42, 22, 0, 
-95, -57, -22, 3, -9, 7, -55, -35, 
},
// Pawn
{
3, 0, 2, -1, 1, -2, 1, 0, 
134, 170, 97, 131, 104, 162, 70, 25, 
-42, -29, -10, -5, 29, 20, -11, -56, 
-50, 49, -20, 47, 59, 9, 53, -50, 
-63, -38, 31, 10, -5, 27, -26, -56, 
-34, 2, 32, 0, 38, 39, 35, -14, 
-71, -22, -56, -59, -51, -12, 2, -58, 
-1, 2, 2, 1, 0, 0, 0, 0, 
},
EndgamePSQT: 
// King
{
-97, -68, -53, -51, -32, -21, -29, -53, 
-40, -19, -14, -17, 17, 72, 50, -24, 
31, 52, 57, -7, 22, 52, 66, -21, 
23, 57, 48, 41, 62, 69, 62, 17, 
10, 32, 42, 60, 63, 59, 45, 23, 
3, 33, 47, 55, 59, 52, 43, 9, 
9, 25, 39, 49, 47, 40, -4, -53, 
-69, -69, -46, -6, -64, -38, -60, -79, 
},
// Queen
{
-14, -14, -14, -9, -9, -17, -26, -16, 
19, 56, 64, 40, 53, 61, 41, -36, 
15, 42, 45, 25, 13, 65, 16, -27, 
33, 55, 55, 77, 23, 5, 21, 13, 
-24, 49, 0, 68, -2, 23, 5, -13, 
-44, -9, 39, -30, -1, 30, -17, -30, 
-17, -41, -58, -40, -17, -1, -41, -62, 
-43, -51, -40, -79, -41, -45, -30, -66, 
},
// Rook
{
1, -13, -18, -21, -24, -24, -28, -31, 
47, 49, 45, 13, -29, -14, 3, 22, 
43, 43, 43, 24, -22, 14, 14, 33, 
40, 39, 49, 32, 21, 32, 35, 38, 
39, 41, 44, 39, 16, 30, 11, 25, 
32, 36, 31, 11, 15, 21, 6, 20, 
30, 24, 33, 32, 27, 27, 23, 33, 
19, 36, 5, -32, -38, -49, -1, 14, 
},
// Bishop
{
-50, -38, 24, -22, 13, -44, -52, -59, 
-12, 31, 42, 23, -14, -35, -15, -49, 
-21, 23, 19, -6, -34, -29, -17, -32, 
17, 37, 11, 38, 3, -24, -15, -25, 
17, -17, 17, 36, 19, 1, -17, -6, 
24, 33, 44, 32, 44, 39, 29, 17, 
22, 18, 26, 35, 4, 27, 21, 2, 
13, 20, 11, 31, 27, 20, 20, 15, 
},
// Knight
{
-77, -8, -49, -46, -67, -63, -99, -133, 
-4, 28, 10, -30, -45, -61, -60, -87, 
12, 7, 45, 23, -37, -45, -55, -38, 
19, 39, 58, 1, 12, 13, 6, -45, 
18, 30, 52, 59, 10, 53, 39, -15, 
13, 33, 31, 51, 34, 4, 12, 13, 
-6, 16, 26, 31, 13, 16, 13, -11, 
2, -74, 12, 21, 12, 4, -77, -35, 
},
// Pawn
{
2, -1, 1, 1, 1, 0, 1, 0, 
214, 209, 194, 170, 183, 168, 201, 223, 
58, 64, 49, 31, 20, 17, 46, 48, 
-4, -12, -23, -31, -34, -32, -19, -19, 
-23, -27, -39, -43, -43, -42, -33, -37, 
-32, -29, -42, -6, -36, -41, -37, -44, 
-23, -28, -28, -19, -23, -36, -34, -43, 
7, -1, 0, 1, 1, 0, 0, 0, 
},
