MiddlegamePSQT: 
// King
{
-76, 8, 2, -41, -52, -44, 1, -21, 
45, -4, -26, -9, 14, 9, -37, -44, 
1, 52, 30, -3, 3, 13, 32, -22, 
0, 7, 7, -14, 1, 7, 17, -16, 
-24, 33, -4, -7, -11, -9, 2, -27, 
7, 21, 13, -11, -9, 5, 20, -6, 
35, 28, 25, -58, -8, 19, 43, 1, 
-13, 27, -5, -20, -27, 7, -11, -21, 
},
// Queen
{
7, -35, 16, -23, 41, 23, 11, 80, 
11, -4, 30, 6, 15, 92, 63, 87, 
16, 18, 42, -6, 23, 48, 12, 22, 
7, -16, 0, 19, 34, -18, -27, -34, 
-44, -30, 25, 25, 33, -1, -32, -38, 
-37, 37, 24, -16, 24, 26, 19, -28, 
-25, 20, 22, 15, 1, 32, 29, -12, 
25, -53, -11, -25, -50, 3, -29, -20, 
},
// Rook
{
40, 18, -3, 16, 28, -26, -1, 9, 
62, 67, 91, 82, 96, 79, 32, 42, 
30, 54, 50, 55, 12, 26, 35, 43, 
11, 24, 42, 45, 28, 49, 19, 14, 
-1, 7, 23, 30, 30, 17, 24, 12, 
-12, 6, 18, -18, -4, 12, 13, -7, 
-36, 16, 7, 19, 32, 46, 22, -74, 
-26, -14, 20, 19, 24, 11, -44, -61, 
},
// Bishop
{
-63, -31, -116, -72, -60, -77, -28, 8, 
-12, 51, 17, -48, 35, 69, 53, -16, 
-51, 48, 18, 23, 1, 15, 2, -37, 
-9, -30, 36, 83, 67, 2, -28, -37, 
22, 21, 40, 60, 24, 0, -1, -1, 
35, 40, 50, -6, 34, 62, 31, 34, 
8, 50, 15, 34, 42, 56, 68, 23, 
2, 23, 6, 14, 22, 18, -7, -10, 
},
// Knight
{
-132, -80, -69, -78, 27, -132, -50, -73, 
-38, -6, 107, 8, -12, 49, -28, 15, 
-14, 95, 72, 100, 104, 94, 38, 44, 
23, 52, 54, 88, 41, 104, 28, 51, 
20, 39, 51, 48, 63, 54, 54, -43, 
-34, 26, 24, 45, 46, 26, 57, -38, 
-55, -20, 23, 11, 34, 42, 21, -1, 
-96, -56, -23, 2, -8, 6, -54, -36, 
},
// Pawn
{
3, 0, 2, -1, 1, -2, 1, 0, 
133, 169, 96, 130, 103, 161, 69, 24, 
-41, -28, -9, -4, 30, 21, -10, -55, 
-49, 48, -21, 47, 58, 10, 52, -49, 
-62, -37, 30, 11, -4, 27, -25, -56, 
-34, 1, 31, 0, 38, 38, 35, -14, 
-70, -22, -55, -58, -50, -11, 3, -57, 
-2, 2, 2, 1, 0, 0, 0, 0, 
},
EndgamePSQT: 
// King
{
-96, -67, -52, -50, -32, -20, -28, -52, 
-40, -18, -13, -16, 17, 71, 49, -23, 
32, 51, 57, -6, 21, 52, 65, -21, 
22, 56, 47, 40, 61, 68, 61, 17, 
10, 31, 42, 59, 62, 58, 44, 22, 
4, 32, 46, 55, 58, 51, 42, 9, 
8, 24, 38, 48, 48, 39, -5, -52, 
-69, -69, -46, -5, -63, -39, -59, -78, 
},
// Queen
{
-13, -13, -13, -8, -8, -16, -25, -15, 
18, 55, 64, 41, 54, 60, 41, -35, 
15, 41, 44, 26, 14, 65, 15, -26, 
32, 54, 54, 78, 24, 6, 22, 13, 
-25, 49, 1, 67, -1, 24, 4, -12, 
-43, -9, 40, -29, -2, 30, -17, -29, 
-17, -40, -57, -39, -16, 0, -41, -62, 
-43, -51, -39, -78, -40, -46, -31, -65, 
},
// Rook
{
1, -13, -17, -20, -23, -23, -27, -30, 
46, 48, 45, 13, -28, -15, 2, 22, 
42, 42, 42, 24, -22, 13, 13, 32, 
39, 38, 48, 32, 20, 31, 34, 37, 
38, 40, 43, 38, 16, 29, 11, 24, 
31, 35, 30, 12, 14, 21, 6, 19, 
29, 25, 32, 32, 26, 26, 22, 32, 
18, 36, 4, -32, -38, -48, -2, 14, 
},
// Bishop
{
-49, -38, 23, -22, 13, -43, -51, -58, 
-11, 30, 41, 22, -14, -35, -16, -48, 
-22, 22, 18, -7, -34, -28, -18, -31, 
17, 37, 10, 38, 3, -23, -14, -25, 
17, -17, 18, 35, 20, 1, -18, -7, 
23, 32, 43, 32, 44, 38, 28, 16, 
21, 17, 25, 34, 5, 26, 20, 1, 
12, 19, 10, 30, 26, 19, 21, 14, 
},
// Knight
{
-76, -8, -48, -45, -66, -62, -98, -132, 
-4, 27, 9, -30, -44, -60, -59, -86, 
11, 6, 44, 23, -36, -44, -54, -39, 
18, 38, 57, 1, 11, 12, 6, -45, 
17, 29, 51, 58, 11, 52, 38, -16, 
12, 32, 31, 50, 33, 4, 12, 12, 
-7, 15, 25, 30, 13, 15, 12, -12, 
1, -73, 12, 20, 11, 4, -78, -35, 
},
// Pawn
{
2, -1, 1, 1, 1, 0, 1, 0, 
213, 208, 193, 169, 182, 167, 200, 222, 
59, 65, 50, 32, 21, 18, 47, 49, 
-3, -11, -22, -30, -33, -31, -18, -18, 
-22, -26, -38, -42, -42, -41, -32, -36, 
-31, -28, -41, -5, -35, -40, -36, -43, 
-22, -27, -27, -19, -22, -35, -33, -42, 
7, -1, 0, 1, 1, 0, 0, 0, 
},
