MiddlegamePSQT: 
// King
{
-76, 11, -1, -40, -51, -43, 1, -26, 
47, -4, -28, -12, 14, 11, -34, -49, 
3, 56, 34, -2, 6, 11, 33, -23, 
3, 10, 10, -11, 5, 11, 22, -13, 
-21, 38, -2, -4, -7, -4, 7, -26, 
8, 26, 18, -7, -4, 10, 25, -2, 
39, 27, 30, -60, -4, 24, 47, 5, 
-11, 27, -6, -15, -32, 12, -14, -26, 
},
// Queen
{
12, -40, 15, -28, 38, 24, 11, 85, 
16, 1, 35, 6, 19, 97, 68, 91, 
19, 23, 47, -8, 26, 48, 7, 17, 
10, -13, 0, 24, 39, -23, -29, -39, 
-49, -29, 30, 30, 38, 1, -37, -43, 
-40, 42, 29, -18, 27, 26, 23, -32, 
-26, 25, 20, 14, 0, 29, 32, -10, 
24, -56, -10, -30, -55, 1, -28, -19, 
},
// Rook
{
43, 17, -8, 11, 23, -31, -6, 5, 
67, 71, 95, 85, 100, 79, 33, 42, 
35, 59, 55, 57, 14, 23, 33, 46, 
16, 29, 47, 47, 27, 53, 21, 19, 
4, 11, 28, 34, 33, 19, 26, 17, 
-10, 11, 22, -22, -3, 12, 15, -7, 
-37, 19, 11, 21, 37, 51, 23, -77, 
-26, -15, 21, 22, 29, 13, -47, -66, 
},
// Bishop
{
-66, -36, -120, -77, -65, -82, -33, 12, 
-9, 56, 22, -53, 36, 72, 58, -11, 
-56, 48, 15, 26, -3, 10, -3, -42, 
-7, -35, 39, 87, 71, -3, -33, -42, 
27, 23, 44, 63, 25, 4, 3, 0, 
40, 41, 55, -3, 36, 67, 33, 35, 
6, 55, 12, 38, 47, 61, 73, 27, 
7, 25, 4, 19, 27, 19, -3, -6, 
},
// Knight
{
-127, -80, -74, -82, 22, -137, -55, -68, 
-33, -1, 112, 5, -17, 48, -33, 20, 
-9, 100, 77, 105, 109, 89, 34, 45, 
28, 57, 59, 93, 42, 109, 32, 56, 
24, 44, 56, 53, 68, 59, 59, -47, 
-37, 31, 26, 50, 48, 27, 61, -38, 
-58, -15, 28, 10, 38, 42, 26, 1, 
-93, -61, -18, 7, -9, 11, -59, -37, 
},
// Pawn
{
2, 0, 2, -1, 1, -2, 0, 0, 
138, 174, 101, 135, 108, 166, 74, 29, 
-46, -33, -14, -9, 25, 16, -15, -60, 
-54, 53, -21, 49, 63, 10, 57, -50, 
-67, -42, 35, 12, -5, 27, -30, -58, 
-35, 2, 36, 3, 39, 43, 33, -14, 
-75, -23, -60, -63, -55, -16, -2, -62, 
-1, 1, 1, 2, 0, 0, 0, 0, 
},
EndgamePSQT: 
// King
{
-99, -69, -57, -53, -34, -25, -33, -57, 
-42, -23, -16, -21, 17, 76, 54, -28, 
33, 56, 61, -6, 21, 52, 67, -21, 
26, 61, 51, 39, 66, 73, 66, 20, 
12, 36, 44, 64, 67, 63, 49, 27, 
5, 37, 51, 59, 63, 56, 47, 9, 
13, 29, 42, 53, 49, 44, -5, -57, 
-66, -72, -46, -8, -68, -40, -64, -83, 
},
// Queen
{
-16, -18, -16, -13, -13, -21, -30, -20, 
23, 60, 67, 39, 50, 65, 42, -40, 
19, 46, 49, 25, 11, 69, 19, -31, 
36, 58, 58, 79, 19, 1, 17, 9, 
-24, 50, -3, 68, -4, 21, 1, -17, 
-46, -10, 38, -34, -2, 27, -21, -34, 
-19, -44, -62, -44, -17, -2, -42, -64, 
-46, -52, -40, -83, -45, -47, -33, -70, 
},
// Rook
{
0, -10, -22, -25, -28, -28, -32, -35, 
51, 52, 47, 15, -30, -14, 4, 24, 
47, 47, 47, 27, -20, 17, 18, 37, 
44, 43, 53, 34, 22, 36, 39, 42, 
43, 45, 48, 41, 18, 33, 14, 29, 
36, 40, 35, 12, 15, 22, 9, 24, 
34, 25, 37, 34, 29, 31, 26, 37, 
19, 40, 6, -32, -41, -53, -2, 18, 
},
// Bishop
{
-54, -38, 27, -22, 15, -48, -56, -63, 
-12, 35, 46, 27, -16, -34, -12, -53, 
-20, 26, 21, -7, -38, -33, -16, -36, 
20, 40, 13, 39, 4, -27, -13, -24, 
19, -18, 18, 36, 20, -1, -17, -4, 
28, 37, 48, 34, 47, 43, 33, 21, 
26, 22, 29, 39, 3, 31, 25, 6, 
17, 24, 12, 35, 31, 24, 24, 18, 
},
// Knight
{
-79, -5, -52, -47, -71, -67, -103, -137, 
-2, 32, 14, -32, -49, -65, -62, -89, 
16, 8, 48, 24, -41, -49, -59, -35, 
23, 43, 62, -2, 10, 15, 5, -44, 
22, 34, 56, 60, 10, 57, 43, -12, 
17, 37, 35, 55, 38, 3, 16, 17, 
-2, 20, 30, 35, 14, 20, 17, -8, 
4, -72, 16, 25, 16, 6, -77, -31, 
},
// Pawn
{
3, -1, 1, 1, 1, 0, 1, 0, 
218, 213, 198, 174, 187, 172, 205, 227, 
54, 60, 45, 27, 16, 13, 42, 44, 
-8, -16, -27, -35, -38, -36, -23, -23, 
-27, -31, -43, -47, -47, -46, -37, -41, 
-36, -33, -46, -10, -40, -45, -41, -48, 
-27, -32, -32, -21, -27, -40, -38, -47, 
6, -1, 0, 1, 1, 0, 0, -1, 
},
