MiddlegamePSQT: 
// King
{
-75, 10, 0, -40, -51, -43, 0, -25, 
47, -5, -28, -12, 14, 11, -35, -48, 
2, 55, 33, -1, 6, 10, 32, -22, 
3, 9, 10, -12, 4, 11, 21, -14, 
-21, 37, -2, -4, -8, -5, 6, -26, 
9, 25, 17, -8, -5, 9, 24, -3, 
38, 27, 29, -59, -4, 23, 47, 5, 
-11, 26, -6, -16, -31, 11, -14, -25, 
},
// Queen
{
11, -39, 16, -27, 38, 23, 10, 84, 
15, 0, 34, 5, 18, 96, 67, 90, 
19, 22, 46, -7, 26, 48, 8, 18, 
9, -14, 0, 23, 38, -22, -28, -38, 
-48, -30, 29, 29, 37, 1, -36, -42, 
-39, 41, 28, -17, 26, 26, 23, -31, 
-26, 24, 20, 15, 0, 28, 31, -11, 
24, -55, -10, -29, -54, 2, -28, -19, 
},
// Rook
{
42, 17, -7, 12, 24, -30, -5, 6, 
66, 70, 94, 85, 100, 79, 32, 42, 
34, 58, 54, 56, 14, 24, 34, 46, 
15, 28, 46, 47, 27, 52, 20, 18, 
3, 10, 27, 33, 32, 18, 25, 16, 
-10, 10, 21, -21, -3, 11, 14, -6, 
-37, 18, 10, 20, 36, 50, 24, -76, 
-26, -15, 21, 22, 28, 13, -46, -65, 
},
// Bishop
{
-65, -35, -120, -76, -64, -81, -32, 11, 
-9, 55, 21, -52, 36, 71, 57, -12, 
-55, 48, 16, 25, -2, 11, -2, -41, 
-6, -34, 38, 86, 70, -2, -32, -41, 
26, 23, 43, 62, 26, 3, 2, -1, 
39, 41, 54, -4, 36, 66, 32, 35, 
7, 54, 13, 37, 46, 60, 72, 26, 
6, 25, 5, 18, 26, 20, -4, -7, 
},
// Knight
{
-128, -81, -73, -81, 23, -136, -54, -69, 
-34, -2, 111, 6, -16, 47, -32, 19, 
-10, 99, 76, 104, 108, 90, 35, 46, 
27, 56, 58, 92, 42, 108, 32, 55, 
23, 43, 55, 52, 67, 58, 58, -47, 
-37, 30, 25, 49, 47, 28, 60, -39, 
-59, -16, 27, 10, 38, 41, 25, 1, 
-93, -60, -19, 6, -9, 10, -58, -38, 
},
// Pawn
{
2, 0, 2, -1, 1, -2, 0, 0, 
137, 173, 100, 134, 107, 165, 73, 28, 
-45, -32, -13, -8, 26, 17, -14, -59, 
-53, 52, -21, 48, 62, 10, 56, -51, 
-66, -41, 34, 11, -5, 27, -29, -57, 
-34, 1, 35, 2, 39, 42, 34, -14, 
-74, -22, -59, -62, -54, -15, -1, -61, 
-1, 2, 1, 2, 0, 0, 0, 0, 
},
EndgamePSQT: 
// King
{
-98, -70, -56, -52, -33, -24, -32, -56, 
-41, -22, -15, -20, 17, 75, 53, -27, 
32, 55, 60, -7, 21, 51, 67, -20, 
26, 60, 50, 40, 65, 72, 65, 19, 
11, 35, 44, 63, 66, 62, 48, 26, 
5, 36, 50, 58, 62, 55, 46, 10, 
12, 28, 41, 52, 49, 43, -5, -56, 
-66, -71, -46, -8, -67, -39, -63, -82, 
},
// Queen
{
-17, -17, -17, -12, -12, -20, -29, -19, 
22, 59, 66, 38, 51, 64, 42, -39, 
18, 45, 48, 25, 12, 68, 18, -30, 
35, 58, 57, 79, 20, 2, 18, 10, 
-24, 49, -2, 68, -3, 22, 2, -16, 
-45, -11, 38, -33, -2, 28, -20, -33, 
-19, -44, -61, -43, -18, -1, -43, -65, 
-45, -52, -39, -82, -44, -46, -33, -69, 
},
// Rook
{
0, -10, -21, -24, -27, -27, -31, -34, 
50, 51, 46, 14, -30, -13, 3, 24, 
46, 46, 46, 26, -21, 16, 17, 36, 
43, 42, 52, 34, 22, 35, 38, 41, 
42, 44, 47, 41, 18, 32, 13, 28, 
35, 39, 34, 11, 15, 22, 8, 23, 
33, 25, 36, 33, 28, 30, 25, 36, 
19, 39, 6, -32, -40, -52, -2, 17, 
},
// Bishop
{
-53, -37, 27, -23, 15, -47, -55, -62, 
-11, 34, 45, 26, -15, -35, -13, -52, 
-20, 25, 20, -7, -37, -32, -16, -35, 
19, 39, 12, 39, 4, -26, -14, -24, 
18, -19, 18, 36, 20, -1, -16, -5, 
27, 36, 47, 33, 47, 42, 32, 20, 
25, 21, 28, 38, 3, 30, 24, 5, 
16, 23, 11, 34, 30, 23, 23, 17, 
},
// Knight
{
-78, -5, -51, -47, -70, -66, -102, -136, 
-3, 31, 13, -32, -48, -64, -61, -90, 
15, 7, 48, 24, -40, -48, -58, -36, 
22, 42, 61, -2, 10, 14, 5, -45, 
21, 33, 55, 59, 10, 56, 42, -13, 
16, 36, 34, 54, 37, 3, 15, 16, 
-3, 19, 29, 34, 14, 19, 16, -9, 
4, -72, 15, 24, 15, 6, -77, -32, 
},
// Pawn
{
2, -1, 1, 1, 1, 0, 1, 0, 
217, 212, 197, 173, 186, 171, 204, 226, 
55, 61, 46, 28, 17, 14, 43, 45, 
-7, -15, -26, -34, -37, -35, -22, -22, 
-26, -30, -42, -46, -46, -45, -36, -40, 
-35, -32, -45, -9, -39, -44, -40, -47, 
-26, -31, -31, -20, -26, -39, -37, -46, 
7, -1, 0, 1, 1, 0, 0, -1, 
},
